0
1713
3426
5139
6852
8565
10278
11991
13704
15417
17130
18843
20556
22269
23982
25695
27408
29121
30834
32547
34260
35973
37686
39399
41112
42825
44538
46251
47964
49677
51390
53103
54816
56529
58242
59955
61668
63381
65094
66807
68520
70233
71946
73659
75372
77085
78798
80511
82224
83937
85650
87363
89076
90789
92502
94215
95928
97641
99354
101067
102780
104493
106206
107919
109632
111345
113058
114771
116484
118197
119910
121623
123336
125049
126762
128475
130188
131901
133614
135327
137040
138753
140466
142179
143892
145605
147318
149031
150744
152457
154170
155883
157596
159309
161022
162735
164448
166161
167874
169587
171300
173013
174726
176439
178152
179865
181578
183291
185004
186717
188430
190143
191856
193569
195282
196995
198708
200421
202134
203847
205560
207273
208986
210699
212412
214125
215838
217551
219264
220977
222690
224403
226116
227829
229542
231255
232968
234681
236394
238107
239820
241533
243246
244959
246672
248385
250098
251811
253524
255237
256950
258663
260376
262089
263802
265515
267228
268941
270654
272367
274080
275793
277506
279219
280932
282645
284358
286071
287784
289497
291210
292923
294636
296349
298062
299775
301488
303201
304914
306627
308340
310053
311766
313479
315192
316905
318618
320331
322044
323757
325470
327183
328896
330609
332322
334035
335748
337461
339174
340887
342600
344313
346026
347739
349452
351165
352878
354591
356304
358017
359730
361443
363156
364869
366582
368295
370008
371721
373434
375147
376860
378573
380286
381999
383712
385425
387138
388851
390564
392277
393990
395703
397416
399129
400842
402555
404268
405981
407694
409407
411120
412833
414546
416259
417972
419685
421398
423111
424824
426537
428250
429963
431676
433389
435102
436815
438528
440241
441954
443667
445380
447093
448806
450519
452232
453945
455658
457371
459084
460797
462510
464223
465936
467649
469362
471075
472788
474501
476214
477927
479640
481353
483066
484779
486492
488205
489918
491631
493344
495057
496770
498483
500196
501909
503622
505335
507048
508761
510474
512187
