0
1715
3430
5145
6860
8575
10290
12005
13720
15435
17150
18865
20580
22295
24010
25725
27440
29155
30870
32585
34300
36015
37730
39445
41160
42875
44590
46305
48020
49735
51450
53165
54880
56595
58310
60025
61740
63455
65170
66885
68600
70315
72030
73745
75460
77175
78890
80605
82320
84035
85750
87465
89180
90895
92610
94325
96040
97755
99470
101185
102900
104615
106330
108045
109760
111475
113190
114905
116620
118335
120050
121765
123480
125195
126910
128625
130340
132055
133770
135485
137200
138915
140630
142345
144060
145775
147490
149205
150920
152635
154350
156065
157780
159495
161210
162925
164640
166355
168070
169785
171500
173215
174930
176645
178360
180075
181790
183505
185220
186935
188650
190365
192080
193795
195510
197225
198940
200655
202370
204085
205800
207515
209230
210945
212660
214375
216090
217805
219520
221235
222950
224665
226380
228095
229810
231525
233240
234955
236670
238385
240100
241815
243530
245245
246960
248675
250390
252105
253820
255535
257250
258965
260680
262395
264110
265825
267540
269255
270970
272685
274400
276115
277830
279545
281260
282975
284690
286405
288120
289835
291550
293265
294980
296695
298410
300125
301840
303555
305270
306985
308700
310415
312130
313845
315560
317275
318990
320705
322420
324135
325850
327565
329280
330995
332710
334425
336140
337855
339570
341285
343000
344715
346430
348145
349860
351575
353290
355005
356720
358435
360150
361865
363580
365295
367010
368725
370440
372155
373870
375585
377300
379015
380730
382445
384160
385875
387590
389305
391020
392735
394450
396165
397880
399595
401310
403025
404740
406455
408170
409885
411600
413315
415030
416745
418460
420175
421890
423605
425320
427035
428750
430465
432180
433895
435610
437325
439040
440755
442470
444185
445900
447615
449330
451045
452760
454475
456190
457905
459620
461335
463050
464765
466480
468195
469910
471625
473340
475055
476770
478485
480200
481915
483630
485345
487060
488775
490490
492205
493920
495635
497350
499065
500780
502495
504210
505925
507640
509355
511070
512785
