0
1710
3420
5130
6840
8550
10260
11970
13680
15390
17100
18810
20520
22230
23940
25650
27360
29070
30780
32490
34200
35910
37620
39330
41040
42750
44460
46170
47880
49590
51300
53010
54720
56430
58140
59850
61560
63270
64980
66690
68400
70110
71820
73530
75240
76950
78660
80370
82080
83790
85500
87210
88920
90630
92340
94050
95760
97470
99180
100890
102600
104310
106020
107730
109440
111150
112860
114570
116280
117990
119700
121410
123120
124830
126540
128250
129960
131670
133380
135090
136800
138510
140220
141930
143640
145350
147060
148770
150480
152190
153900
155610
157320
159030
160740
162450
164160
165870
167580
169290
171000
172710
174420
176130
177840
179550
181260
182970
184680
186390
188100
189810
191520
193230
194940
196650
198360
200070
201780
203490
205200
206910
208620
210330
212040
213750
215460
217170
218880
220590
222300
224010
225720
227430
229140
230850
232560
234270
235980
237690
239400
241110
242820
244530
246240
247950
249660
251370
253080
254790
256500
258210
259920
261630
263340
265050
266760
268470
270180
271890
273600
275310
277020
278730
280440
282150
283860
285570
287280
288990
290700
292410
294120
295830
297540
299250
300960
302670
304380
306090
307800
309510
311220
312930
314640
316350
318060
319770
321480
323190
324900
326610
328320
330030
331740
333450
335160
336870
338580
340290
342000
343710
345420
347130
348840
350550
352260
353970
355680
357390
359100
360810
362520
364230
365940
367650
369360
371070
372780
374490
376200
377910
379620
381330
383040
384750
386460
388170
389880
391590
393300
395010
396720
398430
400140
401850
403560
405270
406980
408690
410400
412110
413820
415530
417240
418950
420660
422370
424080
425790
427500
429210
430920
432630
434340
436050
437760
439470
441180
442890
444600
446310
448020
449730
451440
453150
454860
456570
458280
459990
461700
463410
465120
466830
468540
470250
471960
473670
475380
477090
478800
480510
482220
483930
485640
487350
489060
490770
492480
494190
495900
497610
499320
501030
502740
504450
506160
507870
509580
511290
