0
1715
3430
5145
6860
8575
10290
12005
13720
15435
17150
18865
20580
22295
24010
25725
27440
29155
30870
32585
34300
36015
37730
39445
41160
42875
44590
46305
48020
49735
51450
53165
54880
56595
58310
60025
61740
63455
65170
66885
68600
70315
72030
73745
75460
77175
78890
80605
82320
84035
85750
87465
89180
90895
92610
94325
96040
97755
99470
101185
102900
104615
106330
108045
109760
111475
113190
114905
116620
118335
120050
121765
123480
125195
126910
128625
130340
132055
133770
135485
137200
138915
140630
142345
144060
145775
147490
149205
150920
152635
154350
156065
157780
159495
161210
162925
164640
166355
168070
169785
171500
173215
174930
176645
178360
180075
181790
183505
185220
186935
188650
190365
192080
193795
195510
197225
198940
200655
202370
204085
205800
207515
209230
210945
212660
214375
216090
217805
219520
221235
222950
224665
226380
228095
229810
231525
233240
234955
236670
238385
240100
241815
243530
245245
246960
248675
250390
252105
253820
255535
257250
258965
260680
262395
264110
265825
267540
269255
270970
272685
274400
276115
277830
279545
281260
282975
284690
286405
288120
289835
291550
293265
294980
296695
298410
300125
301840
303555
305270
306985
308700
310415
312130
313845
315560
317275
318990
320705
322420
324135
325850
327565
329280
330995
332710
334425
336140
337855
339570
341285
343000
344715
346430
348145
349860
351575
353290
355005
356720
358435
360150
361865
363580
365295
367010
368725
370440
372155
373870
375585
377300
379015
380730
382445
384160
385875
387590
389305
391020
392735
394450
396165
397880
399595
401310
403025
404740
406455
408170
409885
411600
413315
415030
416745
418460
420175
421890
423605
425320
427035
428750
430465
432180
433895
435610
437325
439040
440755
442470
444185
445900
447615
449330
451045
452760
454475
456190
457905
459620
461335
463050
464765
466480
468195
469910
471625
473340
475055
476770
478485
480200
481915
483630
485345
487060
488775
490490
492205
493920
495635
497350
499065
500780
502495
504210
505925
507640
509355
511070
512785
514500
516215
517930
519645
521360
523075
524790
526505
528220
529935
531650
533365
535080
536795
538510
540225
541940
543655
545370
547085
548800
550515
552230
553945
555660
557375
559090
560805
562520
564235
565950
567665
569380
571095
572810
574525
576240
577955
579670
581385
583100
584815
586530
588245
589960
591675
593390
595105
596820
598535
600250
601965
603680
605395
607110
608825
610540
612255
613970
615685
617400
619115
620830
622545
624260
625975
627690
629405
631120
632835
634550
636265
637980
639695
641410
643125
644840
646555
648270
649985
651700
653415
655130
656845
658560
660275
661990
663705
665420
667135
668850
670565
672280
673995
675710
677425
679140
680855
682570
684285
686000
687715
689430
691145
692860
694575
696290
698005
699720
701435
703150
704865
706580
708295
710010
711725
713440
715155
716870
718585
720300
722015
723730
725445
727160
728875
730590
732305
734020
735735
737450
739165
740880
742595
744310
746025
747740
749455
751170
752885
754600
756315
758030
759745
761460
763175
764890
766605
768320
770035
771750
773465
775180
776895
778610
780325
782040
783755
785470
787185
788900
790615
792330
794045
795760
797475
799190
800905
802620
804335
806050
807765
809480
811195
812910
814625
816340
818055
819770
821485
823200
824915
826630
828345
830060
831775
833490
835205
836920
838635
840350
842065
843780
845495
847210
848925
850640
852355
854070
855785
857500
859215
860930
862645
864360
866075
867790
869505
871220
872935
874650
876365
878080
879795
881510
883225
884940
886655
888370
890085
891800
893515
895230
896945
898660
900375
902090
903805
905520
907235
908950
910665
912380
914095
915810
917525
919240
920955
922670
924385
926100
927815
929530
931245
932960
934675
936390
938105
939820
941535
943250
944965
946680
948395
950110
951825
953540
955255
956970
958685
960400
962115
963830
965545
967260
968975
970690
972405
974120
975835
977550
979265
980980
982695
984410
986125
987840
989555
991270
992985
994700
996415
998130
999845
1001560
1003275
1004990
1006705
1008420
1010135
1011850
1013565
1015280
1016995
1018710
1020425
1022140
1023855
1025570
1027285
1029000
1030715
1032430
1034145
1035860
1037575
1039290
1041005
1042720
1044435
1046150
1047865
1049580
1051295
1053010
1054725
1056440
1058155
1059870
1061585
1063300
1065015
1066730
1068445
1070160
1071875
1073590
1075305
1077020
1078735
1080450
1082165
1083880
1085595
1087310
1089025
1090740
1092455
1094170
1095885
1097600
1099315
1101030
1102745
1104460
1106175
1107890
1109605
1111320
1113035
1114750
1116465
1118180
1119895
1121610
1123325
1125040
1126755
1128470
1130185
1131900
1133615
1135330
1137045
1138760
1140475
1142190
1143905
1145620
1147335
1149050
1150765
1152480
1154195
1155910
1157625
1159340
1161055
1162770
1164485
1166200
1167915
1169630
1171345
1173060
1174775
1176490
1178205
1179920
1181635
1183350
1185065
1186780
1188495
1190210
1191925
1193640
1195355
1197070
1198785
1200500
1202215
1203930
1205645
1207360
1209075
1210790
1212505
1214220
1215935
1217650
1219365
1221080
1222795
1224510
1226225
1227940
1229655
1231370
1233085
1234800
1236515
1238230
1239945
1241660
1243375
1245090
1246805
1248520
1250235
1251950
1253665
1255380
1257095
1258810
1260525
1262240
1263955
1265670
1267385
1269100
1270815
1272530
1274245
1275960
1277675
1279390
1281105
1282820
1284535
1286250
1287965
1289680
1291395
1293110
1294825
1296540
1298255
1299970
1301685
1303400
1305115
1306830
1308545
1310260
1311975
1313690
1315405
1317120
1318835
1320550
1322265
1323980
1325695
1327410
1329125
1330840
1332555
1334270
1335985
1337700
1339415
1341130
1342845
1344560
1346275
1347990
1349705
1351420
1353135
1354850
1356565
1358280
1359995
1361710
1363425
1365140
1366855
1368570
1370285
1372000
1373715
1375430
1377145
1378860
1380575
1382290
1384005
1385720
1387435
1389150
1390865
1392580
1394295
1396010
1397725
1399440
1401155
1402870
1404585
1406300
1408015
1409730
1411445
1413160
1414875
1416590
1418305
1420020
1421735
1423450
1425165
1426880
1428595
1430310
1432025
1433740
1435455
1437170
1438885
1440600
1442315
1444030
1445745
1447460
1449175
1450890
1452605
1454320
1456035
1457750
1459465
1461180
1462895
1464610
1466325
1468040
1469755
1471470
1473185
1474900
1476615
1478330
1480045
1481760
1483475
1485190
1486905
1488620
1490335
1492050
1493765
1495480
1497195
1498910
1500625
1502340
1504055
1505770
1507485
1509200
1510915
1512630
1514345
1516060
1517775
1519490
1521205
1522920
1524635
1526350
1528065
1529780
1531495
1533210
1534925
1536640
1538355
1540070
1541785
1543500
1545215
1546930
1548645
1550360
1552075
1553790
1555505
1557220
1558935
1560650
1562365
1564080
1565795
1567510
1569225
1570940
1572655
1574370
1576085
1577800
1579515
1581230
1582945
1584660
1586375
1588090
1589805
1591520
1593235
1594950
1596665
1598380
1600095
1601810
1603525
1605240
1606955
1608670
1610385
1612100
1613815
1615530
1617245
1618960
1620675
1622390
1624105
1625820
1627535
1629250
1630965
1632680
1634395
1636110
1637825
1639540
1641255
1642970
1644685
1646400
1648115
1649830
1651545
1653260
1654975
1656690
1658405
1660120
1661835
1663550
1665265
1666980
1668695
1670410
1672125
1673840
1675555
1677270
1678985
1680700
1682415
1684130
1685845
1687560
1689275
1690990
1692705
1694420
1696135
1697850
1699565
1701280
1702995
1704710
1706425
1708140
1709855
1711570
1713285
