0
1710
3420
5130
6840
8550
10260
11970
13680
15390
17100
18810
20520
22230
23940
25650
27360
29070
30780
32490
34200
35910
37620
39330
41040
42750
44460
46170
47880
49590
51300
53010
54720
56430
58140
59850
61560
63270
64980
66690
68400
70110
71820
73530
75240
76950
78660
80370
82080
83790
85500
87210
88920
90630
92340
94050
95760
97470
99180
100890
102600
104310
106020
107730
109440
111150
112860
114570
116280
117990
119700
121410
123120
124830
126540
128250
129960
131670
133380
135090
136800
138510
140220
141930
143640
145350
147060
148770
150480
152190
153900
155610
157320
159030
160740
162450
164160
165870
167580
169290
171000
172710
174420
176130
177840
179550
181260
182970
184680
186390
188100
189810
191520
193230
194940
196650
198360
200070
201780
203490
205200
206910
208620
210330
212040
213750
215460
217170
218880
220590
222300
224010
225720
227430
229140
230850
232560
234270
235980
237690
239400
241110
242820
244530
246240
247950
249660
251370
253080
254790
256500
258210
259920
261630
263340
265050
266760
268470
270180
271890
273600
275310
277020
278730
280440
282150
283860
285570
287280
288990
290700
292410
294120
295830
297540
299250
300960
302670
304380
306090
307800
309510
311220
312930
314640
316350
318060
319770
321480
323190
324900
326610
328320
330030
331740
333450
335160
336870
338580
340290
342000
343710
345420
347130
348840
350550
352260
353970
355680
357390
359100
360810
362520
364230
365940
367650
369360
371070
372780
374490
376200
377910
379620
381330
383040
384750
386460
388170
389880
391590
393300
395010
396720
398430
400140
401850
403560
405270
406980
408690
410400
412110
413820
415530
417240
418950
420660
422370
424080
425790
427500
429210
430920
432630
434340
436050
437760
439470
441180
442890
444600
446310
448020
449730
451440
453150
454860
456570
458280
459990
461700
463410
465120
466830
468540
470250
471960
473670
475380
477090
478800
480510
482220
483930
485640
487350
489060
490770
492480
494190
495900
497610
499320
501030
502740
504450
506160
507870
509580
511290
513000
514710
516420
518130
519840
521550
523260
524970
526680
528390
530100
531810
533520
535230
536940
538650
540360
542070
543780
545490
547200
548910
550620
552330
554040
555750
557460
559170
560880
562590
564300
566010
567720
569430
571140
572850
574560
576270
577980
579690
581400
583110
584820
586530
588240
589950
591660
593370
595080
596790
598500
600210
601920
603630
605340
607050
608760
610470
612180
613890
615600
617310
619020
620730
622440
624150
625860
627570
629280
630990
632700
634410
636120
637830
639540
641250
642960
644670
646380
648090
649800
651510
653220
654930
656640
658350
660060
661770
663480
665190
666900
668610
670320
672030
673740
675450
677160
678870
680580
682290
684000
685710
687420
689130
690840
692550
694260
695970
697680
699390
701100
702810
704520
706230
707940
709650
711360
713070
714780
716490
718200
719910
721620
723330
725040
726750
728460
730170
731880
733590
735300
737010
738720
740430
742140
743850
745560
747270
748980
750690
752400
754110
755820
757530
759240
760950
762660
764370
766080
767790
769500
771210
772920
774630
776340
778050
779760
781470
783180
784890
786600
788310
790020
791730
793440
795150
796860
798570
800280
801990
803700
805410
807120
808830
810540
812250
813960
815670
817380
819090
820800
822510
824220
825930
827640
829350
831060
832770
834480
836190
837900
839610
841320
843030
844740
846450
848160
849870
851580
853290
855000
856710
858420
860130
861840
863550
865260
866970
868680
870390
872100
873810
875520
877230
878940
880650
882360
884070
885780
887490
889200
890910
892620
894330
896040
897750
899460
901170
902880
904590
906300
908010
909720
911430
913140
914850
916560
918270
919980
921690
923400
925110
926820
928530
930240
931950
933660
935370
937080
938790
940500
942210
943920
945630
947340
949050
950760
952470
954180
955890
957600
959310
961020
962730
964440
966150
967860
969570
971280
972990
974700
976410
978120
979830
981540
983250
984960
986670
988380
990090
991800
993510
995220
996930
998640
1000350
1002060
1003770
1005480
1007190
1008900
1010610
1012320
1014030
1015740
1017450
1019160
1020870
1022580
1024290
1026000
1027710
1029420
1031130
1032840
1034550
1036260
1037970
1039680
1041390
1043100
1044810
1046520
1048230
1049940
1051650
1053360
1055070
1056780
1058490
1060200
1061910
1063620
1065330
1067040
1068750
1070460
1072170
1073880
1075590
1077300
1079010
1080720
1082430
1084140
1085850
1087560
1089270
1090980
1092690
1094400
1096110
1097820
1099530
1101240
1102950
1104660
1106370
1108080
1109790
1111500
1113210
1114920
1116630
1118340
1120050
1121760
1123470
1125180
1126890
1128600
1130310
1132020
1133730
1135440
1137150
1138860
1140570
1142280
1143990
1145700
1147410
1149120
1150830
1152540
1154250
1155960
1157670
1159380
1161090
1162800
1164510
1166220
1167930
1169640
1171350
1173060
1174770
1176480
1178190
1179900
1181610
1183320
1185030
1186740
1188450
1190160
1191870
1193580
1195290
1197000
1198710
1200420
1202130
1203840
1205550
1207260
1208970
1210680
1212390
1214100
1215810
1217520
1219230
1220940
1222650
1224360
1226070
1227780
1229490
1231200
1232910
1234620
1236330
1238040
1239750
1241460
1243170
1244880
1246590
1248300
1250010
1251720
1253430
1255140
1256850
1258560
1260270
1261980
1263690
1265400
1267110
1268820
1270530
1272240
1273950
1275660
1277370
1279080
1280790
1282500
1284210
1285920
1287630
1289340
1291050
1292760
1294470
1296180
1297890
1299600
1301310
1303020
1304730
1306440
1308150
1309860
1311570
1313280
1314990
1316700
1318410
1320120
1321830
1323540
1325250
1326960
1328670
1330380
1332090
1333800
1335510
1337220
1338930
1340640
1342350
1344060
1345770
1347480
1349190
1350900
1352610
1354320
1356030
1357740
1359450
1361160
1362870
1364580
1366290
1368000
1369710
1371420
1373130
1374840
1376550
1378260
1379970
1381680
1383390
1385100
1386810
1388520
1390230
1391940
1393650
1395360
1397070
1398780
1400490
1402200
1403910
1405620
1407330
1409040
1410750
1412460
1414170
1415880
1417590
1419300
1421010
1422720
1424430
1426140
1427850
1429560
1431270
1432980
1434690
1436400
1438110
1439820
1441530
1443240
1444950
1446660
1448370
1450080
1451790
1453500
1455210
1456920
1458630
1460340
1462050
1463760
1465470
1467180
1468890
1470600
1472310
1474020
1475730
1477440
1479150
1480860
1482570
1484280
1485990
1487700
1489410
1491120
1492830
1494540
1496250
1497960
1499670
1501380
1503090
1504800
1506510
1508220
1509930
1511640
1513350
1515060
1516770
1518480
1520190
1521900
1523610
1525320
1527030
1528740
1530450
1532160
1533870
1535580
1537290
1539000
1540710
1542420
1544130
1545840
1547550
1549260
1550970
1552680
1554390
1556100
1557810
1559520
1561230
1562940
1564650
1566360
1568070
1569780
1571490
1573200
1574910
1576620
1578330
1580040
1581750
1583460
1585170
1586880
1588590
1590300
1592010
1593720
1595430
1597140
1598850
1600560
1602270
1603980
1605690
1607400
1609110
1610820
1612530
1614240
1615950
1617660
1619370
1621080
1622790
1624500
1626210
1627920
1629630
1631340
1633050
1634760
1636470
1638180
1639890
1641600
1643310
1645020
1646730
1648440
1650150
1651860
1653570
1655280
1656990
1658700
1660410
1662120
1663830
1665540
1667250
1668960
1670670
1672380
1674090
1675800
1677510
1679220
1680930
1682640
1684350
1686060
1687770
1689480
1691190
1692900
1694610
1696320
1698030
1699740
1701450
1703160
1704870
1706580
1708290
