0
1711
3422
5133
6844
8555
10266
11977
13688
15399
17110
18821
20532
22243
23954
25665
27376
29087
30798
32509
34220
35931
37642
39353
41064
42775
44486
46197
47908
49619
51330
53041
54752
56463
58174
59885
61596
63307
65018
66729
68440
70151
71862
73573
75284
76995
78706
80417
82128
83839
85550
87261
88972
90683
92394
94105
95816
97527
99238
100949
102660
104371
106082
107793
109504
111215
112926
114637
116348
118059
119770
121481
123192
124903
126614
128325
130036
131747
133458
135169
136880
138591
140302
142013
143724
145435
147146
148857
150568
152279
153990
155701
157412
159123
160834
162545
164256
165967
167678
169389
